mod100k
mod50k
mod75k
mok80k
1530177322
1530186440
1530186003
1530186891
1530186965
1530187153
1530187158
1530187192
1530187214
1530187241
1530187337
1530187536
1530187720
1530187848
1530188464
1530188642
1530188841
1530189030
1530189163
1530190777
1530190853
1530191414
1530191485
1530191562
1530192749
1530192905
1530193515
1530193576
1530193583
1530193584
1530194831
1530194852
1530194874
1530194908
1530194968
1530195112
1530195667
1533464538
1533465286
1534515446
1534515678
1541256198
1541256594
1541257249
1541260158
1541260906
